Total
509.1332726
1177.522602
802.8490294
6135.468424
682.7945413
1296.308561
3814.810792
1115.787035
1730.38693
725.7030632
4357.998945
7037.551686
7554.987118
3455.00594
6893.77357
407.1516442
4687.251219
1192.26453
4167.352285
453.9631688
1196.086759
1203.955626
951.0693795
743.8821197
5600.137514
4132.033137
3313.801265
7583.823578
5701.11384
1176.722271
1262.613745
4566.216304
1450.096376
2876.22961
24.98872855
3136.590356
163.7223822
557.3405066
871.7804243
854.8917449
1318.976345
1835.744237
4212.795061
4500.769848
4442.550395
1443.121104
749.9598996
8260.601854
3176.46046
7141.635166
447.7424622
7230.587613
4124.250793
7509.935625
4576.924634
640.4566267
4144.598435
1133.256601
6453.759772
4160.492353
2088.748841
6585.696798
3047.591396
4864.433161
289.0832627
377.7277131
4420.949914
357.6992024
2340.861619
1907.76533
1709.508047
4007.436381
2915.427222
1737.713443
3722.939238
3064.53907
4834.734433
6448.221334
5267.204797
464.5103062
2215.261851
1316.045852
3060.511548
2430.696742
2588.484544
5284.06922
6667.516647
644.0530849
220.108075
2030.34704
2962.759514
1790.040702
1481.93175
245.8677636
3921.070885
2016.187518
879.1412661
1033.685714
3169.751084
306.0996817
1116.730295
4559.565355
4062.07707
2778.244716
2794.808645
1426.85768
1482.225175
7322.622475
2790.432605
189.0368838
954.5792775
3626.875576
1961.779579
964.0710246
2509.025132
1561.740811
523.2501711
2443.897413
7238.035701
4835.827686
1021.701046
291.9866716
5330.714782
1723.364683
48.88683091
2244.225687
1861.371178
2422.461109
5311.423603
1321.691161
856.2985813
1904.098692
8739.095636
2061.355766
6241.55174
477.2557291
1260.212115
1390.773967
4917.23592
1195.216134
1895.409214
1550.15305
796.2316114
1133.183381
57.61819234
1018.533444
4803.50911
9469.804437
542.5175941
2025.177513
41.1301786
1545.154058
2211.169713
2134.116662
639.7642143
3089.457071
725.3589428
1025.302167
3557.292232
974.2867316
382.9266
1145.301192
4162.298727
3274.589852
1556.651862
630.5581714
666.3989041
1280.851619
4142.704096
6562.650082
519.3712254
6351.023508
2089.756459
789.8174047
2803.327467
2879.445105
1683.569723
1490.286079
4369.656376
2168.967957
2986.5791
974.3574269
3238.260742
8357.110402
3354.99175
5857.351844
4196.101715
880.0807198
4774.1167
3609.036165
3659.888256
8940.073737
1708.998124
3894.528986
3799.230952
1429.274397
5954.963752
1281.21789
2224.024051
4881.203025
